
immutable int REACH = 11;
immutable double[REACH][REACH] SELECT = [
[0.367879, 0.440432, 0.506617, 0.559898, 0.594521, 0.606531, 0.594521, 0.559898, 0.506617, 0.440432, 0.367879],
[0.440432, 0.527292, 0.606531, 0.670320, 0.711770, 0.726149, 0.711770, 0.670320, 0.606531, 0.527292, 0.440432],
[0.506617, 0.606531, 0.697676, 0.771052, 0.818731, 0.835270, 0.818731, 0.771052, 0.697676, 0.606531, 0.506617],
[0.559898, 0.670320, 0.771052, 0.852144, 0.904837, 0.923116, 0.904837, 0.852144, 0.771052, 0.670320, 0.559898],
[0.594521, 0.711770, 0.818731, 0.904837, 0.960789, 0.980199, 0.960789, 0.904837, 0.818731, 0.711770, 0.594521],
[0.606531, 0.726149, 0.835270, 0.923116, 0.980199, 1.000000, 0.980199, 0.923116, 0.835270, 0.726149, 0.606531],
[0.594521, 0.711770, 0.818731, 0.904837, 0.960789, 0.980199, 0.960789, 0.904837, 0.818731, 0.711770, 0.594521],
[0.559898, 0.670320, 0.771052, 0.852144, 0.904837, 0.923116, 0.904837, 0.852144, 0.771052, 0.670320, 0.559898],
[0.506617, 0.606531, 0.697676, 0.771052, 0.818731, 0.835270, 0.818731, 0.771052, 0.697676, 0.606531, 0.506617],
[0.440432, 0.527292, 0.606531, 0.670320, 0.711770, 0.726149, 0.711770, 0.670320, 0.606531, 0.527292, 0.440432],
[0.367879, 0.440432, 0.506617, 0.559898, 0.594521, 0.606531, 0.594521, 0.559898, 0.506617, 0.440432, 0.367879]
];
immutable int EDGE_DISTANCE = 30;

immutable int LSIZE = 0;
static int[][] LAPLAZ;//null